[gd_scene load_steps=7 format=2]

[ext_resource path="res://scripts/Camera_Behaviour.gd" type="Script" id=1]
[ext_resource path="res://scripts/LineDrawer.gd" type="Script" id=2]

[sub_resource type="CubeMesh" id=6]
size = Vector3( 0.1, 0.1, 0.3 )

[sub_resource type="PrismMesh" id=3]

[sub_resource type="SpatialMaterial" id=4]
flags_transparent = true
flags_unshaded = true
albedo_color = Color( 0, 1, 0.4, 0.156863 )

[sub_resource type="SpatialMaterial" id=5]
flags_unshaded = true
vertex_color_use_as_albedo = true

[node name="Surveillance_Camera" type="Spatial"]
script = ExtResource( 1 )

[node name="SpotLight2" type="SpotLight" parent="."]
transform = Transform( 1, 0, 0, 0, 0.998764, 0.0497041, 0, -0.0497041, 0.998764, 0, -0.41423, 0.02168 )
light_energy = 2.0
light_cull_mask = 4294967294
shadow_enabled = true
spot_range = 9.0
spot_attenuation = 0.63728
spot_angle = 35.0
spot_angle_attenuation = 2.37841

[node name="MeshInstance" type="MeshInstance" parent="."]
transform = Transform( 1, 0, 0, 0, 0.866025, 0.5, 0, -0.5, 0.866025, 0, 1.22332, 0 )
mesh = SubResource( 6 )
skeleton = NodePath("")
material/0 = null

[node name="Sight_Cone" type="MeshInstance" parent="."]
transform = Transform( 3, 0, 0, 0, -1.74846e-07, -0.01, 0, 4, -4.37114e-10, 0, -1, -4 )
visible = false
mesh = SubResource( 3 )
skeleton = NodePath("")
material/0 = SubResource( 4 )

[node name="Tween" type="Tween" parent="."]

[node name="LineDrawer" type="ImmediateGeometry" parent="."]
visible = false
material_override = SubResource( 5 )
cast_shadow = 0
script = ExtResource( 2 )

[node name="SpotLight" type="SpotLight" parent="."]
transform = Transform( 1, 0, 0, 0, 0.996195, 0.0871557, 0, -0.0871557, 0.996195, 0, -0.7, 0 )
visible = false
light_color = Color( 0.172549, 1, 0, 1 )
light_energy = 8.0
light_cull_mask = 4294967294
shadow_enabled = true
spot_range = 9.0
spot_attenuation = 0.000220032
spot_angle = 40.0
spot_angle_attenuation = 42688.9
